517471
66
1
7435
2464
5999423
420
1
9
95
15880
12254518
15624
18
33296
7
4
69
3
14165917
109305
1221
1147457
2153
1398449
4
175533
5325
51885
4
39
13077
44
557
51836
207
1391
2
96
2
3732
156
2191610
377934
60529
57162
111
1237851
184865
10
186
1101122
628942
3086507
4128
53
104582
3
22
40073
1
1557160
3845418
226
70
27
11601059
27
944926
1
6582139
56741
35957
12183
4
26
830
5
200640
1264
35591
1271
4222562
382
201375
7196
14778
99
113568
39793
1
2745
734133
3
1
43987
1
469251
7610
1
68589
16
5
186882
575644
9052
2
14648
77128
7
40827
527
31
2924
58652
2884253
436
15
19828
48135
10961
12
1930
34
20
148
198256
295
1
5244
6878211
191793
22741
11267
426
432174
32
6
20
69720
15
53
11372
21906
849124
36
179672
1
7
39446
209
2034
11
25620
28
509830
832
48404
389517
6242948
6055799
1
42347
1
12380
57
164
26670
29
19564
18
13
5
588395
512437
7567006
1
5
300182
6
33058
1088
40459
1846
35
2237
5
1297945
430952
203775
1242489
968023
310302
215615
65
15345
17
162513
2335
1
680600
7234626
4806
1315658
2903
926820
28749
1
4
11101
27
9
241498
1091095
45547
1
32
7883
43
27389
27
1453123
705666
2592086
742851
23656
58502
14
8965869
1
733454
39
7
132
7
56
308
30860
616
186
3
592
4477170
1881711
244527
8948
4900
61813
5984
3063
96
13254
707554
1636563
10995
1
1611296
32
2461
2
114211
53350
69
1
682
824
987825
14277
13076
14624492
12
127
6
591
64
14190
2517
15
1
315
1712717
3
6254702
1267
187
4535586
1
216
1
2138528
6
7
8246659
138956
15
16307
1101
25
7977
2
56
63
706851
4687
1142493
438562
42570
4
298
3
775
31
61608
541
29
8
1451128
1810244
3347272
3315
212835
3839
25
654
10073
242
198302
11465
48436
23
449
2
7023
19419
544186
2189
8162
153
1568500
35
432
23360
4612824
27752
13
17731
5018
12
4506
753
28484
49906
2708
203173
2047817
639475
191
1371
607609
66390
7
2
4
367
36
548
175754
3
918
158
1882
2
26
27
1
1
5658186
741199
109437
34868
127
8203627
3193
173
1588
4
4588
2
3
95
29
5
295
1
1500821
28939
187103
4596
2227
2
995
23808
62834
6398011
35
190
52417
259
36
867684
25965
15
63981
81
2508
11
18613122
2053663
138
745449
798
20469
17154
1
115
996
4464223
120627
96
31
4670725
107482
155974
2
385408
15835525
901655
2
12
116893
7393
13
4
30
5855
1
7
2
9456
749823
58185
1603672
475
7
40
848
807837
926
138874
816230
13
1369266
7401505
732640
59047
288
8
2794456
1804555
8691
119
102
3
2808
121
542444
9
10
8795
34
16
1
3
7
816
74507
7238
2296953
359
5641
155930
1
1196
2453
88
114712
15
1531591
36
2100613
9543
8
214890
12957
9
143638
23323
70097
6
247337
359
5
38109
2
3
29626
5510
1
72
77
11224063
4129
4
4092644
374
398221
9378
532095
1
15
64168
3347077
233
3003654
5632
1331961
621978
115
39
633613
2
159521
65364
37
319
45
777
35
2
2118
9885628
3
83
1500334
2013520
1996
1629056
1870508
4
46
6
530573
9741
494
24468
12742835
20606973
1
34
7
5022
15
4474
905
119119
2587
195
1924
94984
43
3724
2911429
47
1144750
2175485
5
660679
78
510
260
9327
64345
55602
61
9
3847
4
105966
5
35
17793
11579
33
3936
32
35408
8270
11604
6692
8947
148
23077
111561
11
10868628
9
1
13021
8722275
14
4
32
1011959
368
1249022
344260
143
2
70
171515
354506
3
1
9006
179759
1335806
3
7414
26934
1230
426363
33
94194
61663
3881
203
8
2932
7221337
114783
2381
19
118475
5214
2
44
12322
1
9
361
177
893587
16441164
10379
219678
1222
490635
4
211
480880
864
23932
3151
5216851
12921
24710
1997
62148
11
277446
29
1141517
2671
795
149
4771780
114
1
18267
3656438
21
5
47196
9643
3033
248
52
70
89
15044
32150
392442
5077
124961
1
6436
218327
36167
842
1
563
6082
17070
34
6622
46305
3
2
7
8
1
4
8473013
50921
53183
3739
2
10
24
50810
1050312
225574
43265
8304
29
4861115
16
2916
986
61336
48087
1647
1919782
8775
2
22
74
2
248145
2046
483
465
70448
21
1169660
7461
68058
32356
1356418
17
641124
200071
463
4555245
9247
4400893
1765067
10
8
57
547
5491
12
727
25
3030485
590726
95658
59
5889688
63864
2
695023
2442
158065
293
1444
1
2491700
1
956516
103
2416
9550
528
489287
15
26543
2
101
508810
232
2
8518
6831
2227166
1837
1734125
87075
2
9713
1957
187
591553
89
2
2832147
1
700
101579
274924
182409
635
137437
233
1
2017
348880
888
945455
2496955
11356
11157049
1975386
349
46334
36
122
3778578
28598
2
82
136884
434
27
3
234863
150
73198
623
2074
8
1531315
1757814
532
1033577
2
1821
5
1306158
23190
66684
1
251590
3
1382510
2
2677
403957
498
9911396
3708
2
8
38908
7
7359
127
89
1794
89970
593
6
2
1696546
4
1559800
221
10
6
6389
3
2410
1226
6688
552566
1194
92
19427
15
24025
101120
44
19501
5
256
72
1836
167743
32427
4863826
147254
621655
437595
3040
1
4
615062
1882902
40272
12143
49
21295
1
29
1247
22570
15204446
142
1
3424
892870
364841
755010
5854297
2982745
6275
83845
543
271063
1110
257
1768475
3870105
68
1471483
308731
1098411
294
3059057
1535
3689
1026
810
2
2607
672
6929
2854705
1502450
137157
3
1177593
245829
32
1
1
1
1
18
8
1935
136607
192432
24
296
1458520
9193
131
18451
2
11
1965
6
170
1
11629951
193
16551
21
568307
327303
3
48
7
7
127
540
3613
97
33
4734
10846
193
2517
4
1
874
2
9
2328
1
13
41
532845
147089
21595
5967313
17795
346721
860
1
148
2607
2508
6336
3
104240
722
20
1
173
449
596912
145124
18430
46
97
2118
1216476
187463
2
10136
23
4201
1259
157573
5
645589
13
1
45863
470365
46747
57244
81
8648
163
70
13
1
2
121
8
137413
2
143
1
319
603
1468348
5
112071
35406
15021
25472
27989
20
4571983
10
32755
18
108261
10606
1034
17
16
1693937
5
5892
4819030
1
3
218903
14
1
1709
105
1
46
351
52833
2
13974
39269
2070618
2303857
1474146
10
40
1
1
2
138595
2
9
3
90553
31
1077597
445
2821
6340374
2
70299
8950
6
1609236
455
1
127255
11
6013328
15
8777
94332
98
1354
11987
9
557
3675
137280
3541
14
5329642
73252
13053
1
76
274
2
873
2
23707
133356
1
856555
522
6
1
598380
4026433
253
24330
196
44
1652
6842887
69
11
9365
11021
4084964
361681
58684
158
83
10555
16
10047383
363
86
19326
2948461
662209
1
589
466319
6922
3573
15805311
252240
6228849
14484
246
4077
55
26
279564
3
12
131009
2131982
3
2667
1603878
1626
18
428003
2274
77
31948
4
33
1840273
42
320
1
425
24
386834
30514
245220
1258920
5849
5012850
1
858
34
164
818438
462428
55231
5012312
298
1000
16489
37194
64
32
357
2346130
663859
6156
1491049
28
185526
4390656
5359
117826
312948
21
287
80715
2
460
443
5
1732
11095
3
2658569
1
596322
446
8
502
26912
416481
1
98194
264988
4549645
170
19
35492
731
9
124884
17778
281
8
55445
324
360588
248865
4896
16371
1
39
1434
178986
2882
2318389
329824
7
774
11
53712
24
520782
1431
304160
3
1880
1302
1
91869
814
274
1851
497
300947
39
21897
163859
121621
363
5764300
66
16
611834
3
6621
21039
5506
192191
44509
3646
36
286121
46729
296878
6564
226673
34
9927348
1479
3
4214
2206
1
1
12
1270
580
130723
32
852665
123628
1
1984
500311
2073804
537274
10968
2
9619
1793
6507361
4
3
1500
18
2
2527
115219
14066
6727036
2092
41
885811
26592
431
856
1268830
13569
1152017
271
8042030
15
921173
17
15844937
337
44
415
1998559
73
159284
506
412023
1
569247
20693
67059
2
863
2237
412941
4
6
2
22
2
396
2
2
132
27
40
487
51
35262
1529
9659872
1305510
38
33
27
22
130
1
1
238
9142
6
452
102
110089
4139
19
388
7603
104349
541951
34
891
55
55536
1
29
4896
873229
647
1457421
444578
41
4770703
7
82280
187280
93
4881
73
2
157
2912
1
876871
271
100
405235
17
72
35
2021
1
5356
11353
2
4
20
5475231
934
95761
13
11318920
59
43790
147023
588
371
199
1212
83
6121
7
85361
386880
17
25
20833
14147734
141029
1
140
45380
3446088
989638
46
177827
1091197
4259
9126
221
103
2699
245432
6416862
6
844027
38178
3
3
326509
30241
167793
1240
365070
3858
18
292172
2409
17573
1519
1561528
594
30
3305
1
1539
9
16
1
23753
124
262
183613
85370
6283
91
287489
733
49
45399
25
46
2820
1
1715923
1435612
21
25352422
3
27
31845
2050
506434
773759
6425298
3
126128
419
122340
194
3
209
996472
154991
1328570
6336658
2285918
2423026
14125
64222
8
8
45
52102
38
148
128028
66
56
254431
45
5
5932
417
4080870
14
121761
5
649
1
21452
1570303
1
424
10837
165963
6
73
146
54506
524918
18970
949
1117
432
76919
5092343
84694
12831
9
42088
19
143
407
56
1
1632
1592
22
3716
19
12
1513470
14
21
30681
1
21854754
138741
3255510
